0  0  -.12751030E+03
0  1  -.12752035E+03
0  2  -.12753959E+03
0  3  -.12756036E+03
0  4  -.12758617E+03
0  5  -.12762693E+03
0  6  -.12767402E+03
0  7  -.12771631E+03
0  8  -.12775185E+03
0  9  -.12778982E+03
0  10  -.12782373E+03
0  11  -.12783828E+03
0  12  -.12782868E+03
0  13  -.12780160E+03
0  14  -.12775188E+03
0  15  -.12765961E+03
0  16  -.12751774E+03
0  17  -.12733027E+03
0  18  -.12708714E+03
0  19  -.12676322E+03
0  20  -.12634497E+03
1  0  -.12752035E+03
1  1  -.12752901E+03
1  2  -.12754713E+03
1  3  -.12756836E+03
1  4  -.12759529E+03
1  5  -.12763498E+03
1  6  -.12768053E+03
1  7  -.12772251E+03
1  8  -.12775877E+03
1  9  -.12779574E+03
1  10  -.12782767E+03
1  11  -.12784130E+03
1  12  -.12783194E+03
1  13  -.12780376E+03
1  14  -.12775145E+03
1  15  -.12765783E+03
1  16  -.12751567E+03
1  17  -.12732655E+03
1  18  -.12708035E+03
1  19  -.12675450E+03
1  20  -.12633559E+03
2  0  -.12753959E+03
2  1  -.12754712E+03
2  2  -.12756335E+03
2  3  -.12758549E+03
2  4  -.12761228E+03
2  5  -.12765010E+03
2  6  -.12769330E+03
2  7  -.12773435E+03
2  8  -.12776941E+03
2  9  -.12780403E+03
2  10  -.12783259E+03
2  11  -.12784351E+03
2  12  -.12783194E+03
2  13  -.12780043E+03
2  14  -.12774341E+03
2  15  -.12764549E+03
2  16  -.12749971E+03
2  17  -.12730558E+03
2  18  -.12705288E+03
2  19  -.12672134E+03
2  20  -.12629685E+03
3  0  -.12756036E+03
3  1  -.12756837E+03
3  2  -.12758549E+03
3  3  -.12760495E+03
3  4  -.12763023E+03
3  5  -.12766656E+03
3  6  -.12770824E+03
3  7  -.12774581E+03
3  8  -.12777764E+03
3  9  -.12780869E+03
3  10  -.12783350E+03
3  11  -.12783974E+03
3  12  -.12782263E+03
3  13  -.12778533E+03
3  14  -.12772223E+03
3  15  -.12761745E+03
3  16  -.12746357E+03
3  17  -.12726101E+03
3  18  -.12699947E+03
3  19  -.12665751E+03
3  20  -.12622198E+03
4  0  -.12758618E+03
4  1  -.12759530E+03
4  2  -.12761228E+03
4  3  -.12763024E+03
4  4  -.12765132E+03
4  5  -.12768604E+03
4  6  -.12772578E+03
4  7  -.12775952E+03
4  8  -.12778491E+03
4  9  -.12781117E+03
4  10  -.12783178E+03
4  11  -.12783145E+03
4  12  -.12780534E+03
4  13  -.12775983E+03
4  14  -.12768955E+03
4  15  -.12757481E+03
4  16  -.12740833E+03
4  17  -.12719382E+03
4  18  -.12692089E+03
4  19  -.12656477E+03
4  20  -.12611171E+03
5  0  -.12762693E+03
5  1  -.12763500E+03
5  2  -.12765010E+03
5  3  -.12766655E+03
5  4  -.12768602E+03
5  5  -.12771688E+03
5  6  -.12775169E+03
5  7  -.12778068E+03
5  8  -.12780121E+03
5  9  -.12782064E+03
5  10  -.12783291E+03
5  11  -.12782409E+03
5  12  -.12778929E+03
5  13  -.12773326E+03
5  14  -.12765045E+03
5  15  -.12752277E+03
5  16  -.12734290E+03
5  17  -.12711278E+03
5  18  -.12682195E+03
5  19  -.12644720E+03
5  20  -.12597533E+03
6  0  -.12767401E+03
6  1  -.12768052E+03
6  2  -.12769332E+03
6  3  -.12770824E+03
6  4  -.12772578E+03
6  5  -.12775170E+03
6  6  -.12778036E+03
6  7  -.12780357E+03
6  8  -.12781820E+03
6  9  -.12782911E+03
6  10  -.12783088E+03
6  11  -.12781181E+03
6  12  -.12776624E+03
6  13  -.12769721E+03
6  14  -.12759856E+03
6  15  -.12745479E+03
6  16  -.12725855E+03
6  17  -.12700900E+03
6  18  -.12669559E+03
6  19  -.12629778E+03
6  20  -.12580330E+03
7  0  -.12771631E+03
7  1  -.12772251E+03
7  2  -.12773436E+03
7  3  -.12774581E+03
7  4  -.12775953E+03
7  5  -.12778068E+03
7  6  -.12780356E+03
7  7  -.12781897E+03
7  8  -.12782521E+03
7  9  -.12782627E+03
7  10  -.12781700E+03
7  11  -.12778601E+03
7  12  -.12772546E+03
7  13  -.12764069E+03
7  14  -.12752531E+03
7  15  -.12736160E+03
7  16  -.12714388E+03
7  17  -.12687089E+03
7  18  -.12653188E+03
7  19  -.12610587E+03
7  20  -.12560593E+03
8  0  -.12775184E+03
8  1  -.12775875E+03
8  2  -.12776941E+03
8  3  -.12777765E+03
8  4  -.12778492E+03
8  5  -.12780121E+03
8  6  -.12781820E+03
8  7  -.12782521E+03
8  8  -.12781937E+03
8  9  -.12780934E+03
8  10  -.12778856E+03
8  11  -.12774201E+03
8  12  -.12766381E+03
8  13  -.12756041E+03
8  14  -.12742565E+03
8  15  -.12723977E+03
8  16  -.12699507E+03
8  17  -.12669431E+03
8  18  -.12632662E+03
8  19  -.12586806E+03
8  20  -.12533115E+03
9  0  -.12778982E+03
9  1  -.12779575E+03
9  2  -.12780403E+03
9  3  -.12780869E+03
9  4  -.12781117E+03
9  5  -.12782064E+03
9  6  -.12782911E+03
9  7  -.12782627E+03
9  8  -.12780925E+03
9  9  -.12778585E+03
9  10  -.12774968E+03
9  11  -.12768577E+03
9  12  -.12758913E+03
9  13  -.12746399E+03
9  14  -.12730498E+03
9  15  -.12709264E+03
9  16  -.12681886E+03
9  17  -.12648571E+03
9  18  -.12608242E+03
9  19  -.12561140E+03
9  20  -.12499135E+03
10  0  -.12782373E+03
10  1  -.12782767E+03
10  2  -.12783260E+03
10  3  -.12783350E+03
10  4  -.12783178E+03
10  5  -.12783292E+03
10  6  -.12783087E+03
10  7  -.12781700E+03
10  8  -.12778856E+03
10  9  -.12774968E+03
10  10  -.12769487E+03
10  11  -.12761142E+03
10  12  -.12749396E+03
10  13  -.12734448E+03
10  14  -.12715646E+03
10  15  -.12691358E+03
10  16  -.12660744E+03
10  17  -.12623707E+03
10  18  -.12580844E+03
10  19  -.12526464E+03
10  20  -.12459063E+03
11  0  -.12783827E+03
11  1  -.12784130E+03
11  2  -.12784351E+03
11  3  -.12783973E+03
11  4  -.12783144E+03
11  5  -.12782409E+03
11  6  -.12781158E+03
11  7  -.12778506E+03
11  8  -.12774179E+03
11  9  -.12768577E+03
11  10  -.12761143E+03
11  11  -.12750575E+03
11  12  -.12736324E+03
11  13  -.12718576E+03
11  14  -.12696646E+03
11  15  -.12668876E+03
11  16  -.12634403E+03
11  17  -.12593277E+03
11  18  -.12545500E+03
11  19  -.12484123E+03
11  20  -.12411436E+03
12  0  -.12782866E+03
12  1  -.12783190E+03
12  2  -.12783194E+03
12  3  -.12782263E+03
12  4  -.12780533E+03
12  5  -.12778929E+03
12  6  -.12776624E+03
12  7  -.12772546E+03
12  8  -.12766381E+03
12  9  -.12758889E+03
12  10  -.12749391E+03
12  11  -.12736324E+03
12  12  -.12719102E+03
12  13  -.12698176E+03
12  14  -.12672861E+03
12  15  -.12641143E+03
12  16  -.12602265E+03
12  17  -.12557637E+03
12  18  -.12501289E+03
12  19  -.12434373E+03
12  20  -.12355472E+03
13  0  -.12780159E+03
13  1  -.12780376E+03
13  2  -.12780043E+03
13  3  -.12778533E+03
13  4  -.12775982E+03
13  5  -.12773326E+03
13  6  -.12769721E+03
13  7  -.12764069E+03
13  8  -.12756041E+03
13  9  -.12746400E+03
13  10  -.12734446E+03
13  11  -.12718576E+03
13  12  -.12698176E+03
13  13  -.12673683E+03
13  14  -.12644387E+03
13  15  -.12608300E+03
13  16  -.12565937E+03
13  17  -.12512407E+03
13  18  -.12450345E+03
13  19  -.12377266E+03
13  20  -.12291274E+03
14  0  -.12775188E+03
14  1  -.12775145E+03
14  2  -.12774341E+03
14  3  -.12772223E+03
14  4  -.12768955E+03
14  5  -.12765043E+03
14  6  -.12759855E+03
14  7  -.12752462E+03
14  8  -.12742565E+03
14  9  -.12730500E+03
14  10  -.12715646E+03
14  11  -.12696646E+03
14  12  -.12672860E+03
14  13  -.12644385E+03
14  14  -.12610528E+03
14  15  -.12570981E+03
14  16  -.12519703E+03
14  17  -.12460380E+03
14  18  -.12391952E+03
14  19  -.12311581E+03
14  20  -.12217388E+03
15  0  -.12765961E+03
15  1  -.12765783E+03
15  2  -.12764549E+03
15  3  -.12761809E+03
15  4  -.12757481E+03
15  5  -.12752275E+03
15  6  -.12745479E+03
15  7  -.12736160E+03
15  8  -.12723977E+03
15  9  -.12709263E+03
15  10  -.12691365E+03
15  11  -.12668880E+03
15  12  -.12641142E+03
15  13  -.12608310E+03
15  14  -.12570986E+03
15  15  -.12522314E+03
15  16  -.12465207E+03
15  17  -.12399496E+03
15  18  -.12323658E+03
15  19  -.12234815E+03
15  20  -.12130966E+03
16  0  -.12751774E+03
16  1  -.12751567E+03
16  2  -.12749971E+03
16  3  -.12746357E+03
16  4  -.12740846E+03
16  5  -.12734291E+03
16  6  -.12725854E+03
16  7  -.12714388E+03
16  8  -.12699507E+03
16  9  -.12681886E+03
16  10  -.12660744E+03
16  11  -.12634403E+03
16  12  -.12602251E+03
16  13  -.12565934E+03
16  14  -.12519699E+03
16  15  -.12465199E+03
16  16  -.12401524E+03
16  17  -.12328421E+03
16  18  -.12244071E+03
16  19  -.12145407E+03
16  20  -.12030513E+03
17  0  -.12733027E+03
17  1  -.12732656E+03
17  2  -.12730558E+03
17  3  -.12726101E+03
17  4  -.12719382E+03
17  5  -.12711277E+03
17  6  -.12700900E+03
17  7  -.12687090E+03
17  8  -.12669431E+03
17  9  -.12648571E+03
17  10  -.12623706E+03
17  11  -.12593266E+03
17  12  -.12557637E+03
17  13  -.12512417E+03
17  14  -.12460388E+03
17  15  -.12399495E+03
17  16  -.12328420E+03
17  17  -.12246611E+03
17  18  -.12152345E+03
17  19  -.12042674E+03
17  20  -.11915577E+03
18  0  -.12708713E+03
18  1  -.12708035E+03
18  2  -.12705287E+03
18  3  -.12699947E+03
18  4  -.12692089E+03
18  5  -.12682195E+03
18  6  -.12669558E+03
18  7  -.12653195E+03
18  8  -.12632662E+03
18  9  -.12608241E+03
18  10  -.12579487E+03
18  11  -.12545454E+03
18  12  -.12501293E+03
18  13  -.12450354E+03
18  14  -.12391869E+03
18  15  -.12323658E+03
18  16  -.12244071E+03
18  17  -.12152346E+03
18  18  -.12046855E+03
18  19  -.11924864E+03
18  20  -.11784319E+03
19  0  -.12676322E+03
19  1  -.12675450E+03
19  2  -.12672135E+03
19  3  -.12665752E+03
19  4  -.12656470E+03
19  5  -.12644720E+03
19  6  -.12629778E+03
19  7  -.12610587E+03
19  8  -.12586806E+03
19  9  -.12561177E+03
19  10  -.12526471E+03
19  11  -.12484565E+03
19  12  -.12434373E+03
19  13  -.12377267E+03
19  14  -.12311580E+03
19  15  -.12234815E+03
19  16  -.12145407E+03
19  17  -.12042674E+03
19  18  -.11924863E+03
19  19  -.11789155E+03
19  20  -.11633441E+03
20  0  -.12634497E+03
20  1  -.12633558E+03
20  2  -.12629683E+03
20  3  -.12622196E+03
20  4  -.12611171E+03
20  5  -.12597535E+03
20  6  -.12580348E+03
20  7  -.12560687E+03
20  8  -.12533125E+03
20  9  -.12499133E+03
20  10  -.12459060E+03
20  11  -.12411436E+03
20  12  -.12355471E+03
20  13  -.12291272E+03
20  14  -.12217389E+03
20  15  -.12130966E+03
20  16  -.12030513E+03
20  17  -.11915577E+03
20  18  -.11784319E+03
20  19  -.11633443E+03
20  20  -.11460732E+03